#size(size=100000):
0.962,1.495,4.006,24.454,287.120
0.001,0.002,0.063,0.223,0.813
#rate(rate=0.2):
0.852,1.346,2.38,20.314,388.322
0.31,0.176,0.227,0.113,0.508
#adaptive(p=0.95 error=0.001):
0.90,1.45,4.99,29.15,393.25
0.103,0.098,0.121,0.295,0.333
#optmSP:
1.04,2.87,6.04,49.34,612.24
0.03,0.033,0.091,0.087,0.142
#adaptive-p-error_rate:(0.80 0.85 0.90 0.95 )(size=10000000)
0.202,0.161,0.127,0.119
#(GEE/normal)(%)skewed:(10000 100000 1000000 10000000)
1.209,0.805,2.243,1.545
3.423,12.214,22.443,20.022
#(GEE/normal)(s)skewed:(10000 100000 1000000 10000000)
2.34,23.56,163.55,522.3
0.85,1.79,9.45,39.15
